papers = [0.148309028855 0.148309028855 0.0176853862861 0.0865653118213 0.0992863791499 0.051504809184 0.0406453614645 0.0819112627986 0.0704312752094 0.0226497052436 0.0 0.0276140242011 0.0511945392491 0.0226497052436 0.0201675457648 0.00806701830593 0.00806701830593 0.0210983555693 0.0 0.00961836798014 0.00558485882718 0.0285448340056 0.0121005274589 0.00496431895749 0.0204778156997 0.0127210673286 0.00868755817561 0.000310269934843 0.000310269934843 0.0 0.0 0.0102389078498 0.00961836798014 0.0152032268073 0.00651566863171 0.00744647843624 0.00341296928328 0.00868755817561 0.00682593856655 0.0108594477195 0.00248215947875 0.00155134967422 0.00186161960906 0.000310269934843 0.0102389078498 0.00310269934843 0.0093080980453 0.000310269934843 0.0102389078498 0.000310269934843 0.000310269934843;...
0.219804134929 0.219804134929 0.0223068552775 0.104461371055 0.0881392818281 0.0593035908596 0.0511425462459 0.0554951033732 0.0511425462459 0.0114254624592 0.0 0.0321001088139 0.038084874864 0.0152339499456 0.0152339499456 0.019042437432 0.00163220892274 0.031556039173 0.0 0.0038084874864 0.00489662676823 0.0136017410229 0.0157780195865 0.000544069640914 0.00816104461371 0.0103373231774 0.00707290533188 0.00163220892274 0.000544069640914 0.0 0.0 0.0108813928183 0.0146898803047 0.0114254624592 0.0 0.0103373231774 0.00435255712731 0.0114254624592 0.0038084874864 0.0076169749728 0.00217627856366 0.00435255712731 0.00544069640914 0.0038084874864 0.00979325353645 0.00870511425462 0.00108813928183 0.000544069640914 0.00652883569097 0.000544069640914 0.0;...
0.21958827199 0.21958827199 0.0124766063631 0.0998128509046 0.0848409232689 0.0767311291329 0.0442919525889 0.0561447286338 0.0492825951341 0.0118527760449 0.0 0.0299438552714 0.0286961946351 0.0155957579538 0.0174672489083 0.0193387398628 0.0 0.0218340611354 0.0 0.00561447286338 0.00499064254523 0.00748596381784 0.0112289457268 0.000623830318153 0.0106051154086 0.0143480973175 0.0180910792265 0.00436681222707 0.00124766063631 0.0 0.0 0.00623830318153 0.0106051154086 0.00436681222707 0.0 0.008109794136 0.00686213349969 0.0274485339988 0.00748596381784 0.0149719276357 0.00623830318153 0.00561447286338 0.00561447286338 0.00187149095446 0.00873362445415 0.00374298190892 0.00124766063631 0.00436681222707 0.008109794136 0.00187149095446 0.0;...
0.17703024125 0.17703024125 0.0115528372409 0.0784913353721 0.109072375127 0.054706082229 0.0570846075433 0.130818892287 0.0373768263677 0.0105334692491 0.0 0.00985389058784 0.0468909276249 0.0159700985389 0.0207271491675 0.0275229357798 0.0 0.0193679918451 0.000339789330615 0.00271831464492 0.00747536527353 0.0207271491675 0.00747536527353 0.0 0.0217465171594 0.0142711518858 0.004417261298 0.0261637784574 0.0 0.0 0.0 0.00815494393476 0.0105334692491 0.004417261298 0.0 0.00577641862046 0.00543662928984 0.0067957866123 0.00407747196738 0.00509683995923 0.00101936799185 0.00169894665308 0.00135915732246 0.00271831464492 0.00951410125722 0.00883452259599 0.00407747196738 0.000339789330615 0.00781515460415 0.0 0.0;...
0.193965517241 0.193965517241 0.00574712643678 0.0603448275862 0.113505747126 0.0905172413793 0.0445402298851 0.132183908046 0.0272988505747 0.0186781609195 0.0 0.00862068965517 0.0344827586207 0.0100574712644 0.0431034482759 0.0158045977011 0.0 0.0100574712644 0.0 0.0014367816092 0.0114942528736 0.0186781609195 0.0158045977011 0.0 0.0129310344828 0.0301724137931 0.0014367816092 0.0186781609195 0.0 0.0 0.0 0.014367816092 0.00287356321839 0.0 0.0 0.00431034482759 0.00574712643678 0.0114942528736 0.0100574712644 0.00431034482759 0.00287356321839 0.00574712643678 0.0 0.00287356321839 0.00431034482759 0.00431034482759 0.0 0.0 0.00718390804598 0.0 0.0;...
0.21500965251 0.21500965251 0.00627413127413 0.0726351351351 0.102316602317 0.0666023166023 0.0359555984556 0.116071428571 0.0296814671815 0.0166505791506 0.0 0.00651544401544 0.0605694980695 0.0173745173745 0.0301640926641 0.020028957529 0.000241312741313 0.019305019305 0.0 0.00410231660232 0.0106177606178 0.0139961389961 0.00916988416988 0.0 0.0241312741313 0.0137548262548 0.00458494208494 0.0328185328185 0.000241312741313 0.0 0.0 0.00796332046332 0.00723938223938 0.000241312741313 0.0 0.00265444015444 0.00579150579151 0.0120656370656 0.00337837837838 0.00458494208494 0.00168918918919 0.00434362934363 0.00168918918919 0.00410231660232 0.00506756756757 0.003861003861 0.000482625482625 0.0 0.00603281853282 0.0 0.0;...
0.193611601019 0.193611601019 0.0146972369195 0.0752498530276 0.102488732118 0.0805408583186 0.0433078581227 0.0970017636684 0.037037037037 0.018616500098 0.0 0.00548696844993 0.042328042328 0.0137174211248 0.0411522633745 0.0205761316872 0.0 0.0180286106212 0.0 0.00195963158926 0.0113658632177 0.0174407211444 0.00685871056241 0.00117577895356 0.0215559474819 0.0197922790515 0.00470311581423 0.0290025475211 0.000195963158926 0.00117577895356 0.000391926317852 0.0109739368999 0.010582010582 0.00274348422497 0.0 0.0045071526553 0.00509504213208 0.0082304526749 0.00509504213208 0.00999412110523 0.00117577895356 0.00215559474819 0.00235155790711 0.00195963158926 0.00274348422497 0.00235155790711 0.0037233000196 0.0 0.00685871056241 0.0 0.0;...
0.218565400844 0.218565400844 0.00654008438819 0.0742616033755 0.114767932489 0.0732067510549 0.0402953586498 0.117932489451 0.0402953586498 0.00970464135021 0.0 0.00400843881857 0.0430379746835 0.0145569620253 0.0225738396624 0.0253164556962 0.00042194092827 0.0215189873418 0.0 0.00253164556962 0.00654008438819 0.014135021097 0.00675105485232 0.00168776371308 0.0198312236287 0.0149789029536 0.00295358649789 0.0335443037975 0.000210970464135 0.000210970464135 0.0 0.00696202531646 0.0105485232068 0.00084388185654 0.000210970464135 0.00611814345992 0.00569620253165 0.00548523206751 0.0035864978903 0.00717299578059 0.00042194092827 0.00253164556962 0.00105485232068 0.00168776371308 0.0035864978903 0.00232067510549 0.00232067510549 0.000210970464135 0.00864978902954 0.0 0.000210970464135;...
0.199018295404 0.199018295404 0.0227576974565 0.0713966979027 0.0874609549308 0.0647032574743 0.0473003123606 0.0963855421687 0.04953145917 0.0142793395805 0.0 0.00981704596162 0.03302097278 0.0209727800089 0.0258813029897 0.0281124497992 0.000446229361892 0.0151717983043 0.0 0.00356983489514 0.0129406514949 0.0187416331995 0.0102632753235 0.0 0.0156180276662 0.0147255689424 0.00937081659973 0.0276662204373 0.000446229361892 0.0 0.000892458723784 0.0102632753235 0.0116019634092 0.00937081659973 0.0 0.0107095046854 0.00401606425703 0.00981704596162 0.0102632753235 0.00669344042838 0.00133868808568 0.000892458723784 0.000892458723784 0.00178491744757 0.00847835787595 0.00223114680946 0.00937081659973 0.0 0.00133868808568 0.000446229361892 0.0;...
0.189774211607 0.189774211607 0.0210860235118 0.0643776824034 0.152827019966 0.0929277850345 0.0572868072402 0.0772532188841 0.029483112521 0.0108229147229 0.0 0.0173539839522 0.0257510729614 0.0171673819742 0.0126889345027 0.0179137898862 0.00186601977981 0.0319089382347 0.0 0.00149281582385 0.00821048703116 0.0126889345027 0.0130621384587 0.00466504944952 0.0225788393357 0.0113827206568 0.00653106922933 0.00167941780183 0.000559805933943 0.0 0.000186601977981 0.0169807799963 0.0151147602165 0.00279902966971 0.00149281582385 0.00858369098712 0.00671767120731 0.00559805933943 0.00261242769173 0.00951670087703 0.00223922373577 0.00205262175779 0.000373203955962 0.000373203955962 0.00167941780183 0.00373203955962 0.00578466131741 0.0 0.0104497107669 0.0 0.000373203955962;...
